10.47575188366548
2.2964271424872895
0.3222659334109368
0.28468688680470366
0.26767405837729247
0.24982013953631313
0.23999967893208216
0.2239779129976955
0.2109866537556412
0.20411453602042834
0.20805520975323108
0.1974521217194452
0.19537557084402674
0.1951809926018742
0.19286351246433162
0.1931373523183666
0.18910652980467701
0.1893837123233959
0.18603822996375544
0.18172044308549165
0.1801763053477694
0.17676072356977074
0.17337041638975606
0.17111179784204122
0.16797790164579832
0.16463835937004268
0.1630258568948283
0.16242399099190133
0.159439088788425
0.1581847688992005
0.15762413270025893
0.15509504635911497
0.15378540737391042
0.15300667711249322
0.15102843456296575
0.1498128900235489
0.14853634309062066
0.14755088507873923
0.14646906741241789
0.14608617065708435
0.14493255194043841
0.1438919595106343
0.1428718998589356
0.14242004373829686
0.14233824712424692
0.1416345157580553
0.1410269731310299
0.14039033007809704
0.13974512856896187
0.1388902937768395
9.116852403218525
1.6295355551048496
0.9837805302067247
0.9525284415965154
0.9238202499858919
0.8962771697558245
0.8792543733902675
0.8708138085424357
0.8633887142287402
0.8572183771583531
0.8527463905404546
0.8494596530670234
0.8431510315518979
0.8360070921766516
0.8311168492920307
0.825592694729798
0.8188801196749919
0.8136560991802143
0.8104457840386733
0.8074807923704311
0.8035795517434996
0.7994231428977613
0.7944241169096868
0.7901805140478498
0.784617736077905
0.7806950496189803
0.7774427313869606
0.7730203896145514
0.7698019136056257
0.7655802990684346
0.7613306966808667
0.7583005877981595
0.7527280731668385
0.7458781542338402
0.7410074221415738
0.7345471364749007
0.7298688202444344
0.7262029197605392
0.7228422890439732
0.7192264307861274
0.7170617662489355
0.7148325811955228
0.7130566929623351
0.7125810499051001
0.7112524834728956
0.7057692175197352
0.7009413141392383
0.6977178202301063
0.6950342070164383
0.6939391988860343
